803 196
1179 86
431 572
438	243
404	335
264	153
302	802
375	583
63	345
1223	64
592	504
1283	11
880	195
1003	124
112	257
142	333
932	310
762	153
420	553
1251	23
940	62
1083	129
110	236
486	31
1125	20
1216	66
593	494
230	532
262	190
17	613
1054	27
247	40
95	55
14	81
736	98
130	882
790	11
672	404
1066	23
849	380
475	744
809	79
1223	22
40	257
1119	167
1017	70
514	395
244	277
82	948
67	268
325	327
262	856
608	640
412	387
60	232
49	86
381	445
455	157
106	277
630	145
544	69
970	104
53	795
218	70
1265	5
1243	30
293	354
1275	24
414	716
985	198
386	21
1137	135
1220	65
128	975
111	851
930	84
233	578
748	166
1109	65
137	391
57	98
284	893
50	656
48	241
344	4
826	279
416	91
842	387
775	319
1060	155
432	824
704	205
706	567
1067	64
1201	40
197	591
664	285
231	372
828	311
477	175
883	335
1077	122
423	379
286	616
693	431
161	793
737	28
423	482
1117	123
1249	25
969	90
1147	4
338	594
1208	1
961	272
1256	26
151	632
307	190
486	577
242	821
797	367
1101	63
333	167
1203	21
843	55
495	176
53	316
237	122
501	701
870	6
1144	133
629	302
287	413
449	73
1082	164
1202	20
1040	227
299	795
109	580
903	129
148	621
1292	7
1050	23
222	878
345	103
1202	59
1163	72
96	675
1198	19
1141	154
176	394
621	279
732	459
1188	35
31	906
551	254
1162	53
326	842
882	343
747	541
647	213
558	96
486	423
224	244
850	41
203	56
1152	123
189	561
1214	18
304	6
1181	34
720	120
889	211
1103	165
552	197
116	10
781	28
330	888
1127	7
1004	93
99	747
1093	107
224	284
1069	90
792	18
971	200
216	87
507	702
1140	106
15	33
544	604
237	794
1236	41
565	435
371	131
1112	29
674	238
565	490
699	252
1134	81
737	505
1292	5
58	587
714	461
97	86
996	143
849	32
998	38
18	730
499	19
1250	37
496	206
932	76
1022	70
903	299
1087	28
1031	33
780	393
1037	66
956	178
847	149
515	570
259	527
114	222
305	140
555	151
484	219
1286	2
75	128
640	179
34	923
147	969
962	114
690	82
974	197
1022	114
405	385
709	510
519	13
98	3
110	259
1080	46
929	174
891	154
425	244
363	44
940	299
936	100
1124	127
255	487
749	100
1105	5
414	726
1086	109
811	151
1128	66
909	20
791	88
453	397
1091	57
1205	46
187	707
583	336
1233	39
663	564
304	340
829	436
437	584
862	186
222	680
1195	28
173	344
1087	199
831	256
164	425
858	33
348	732
803	263
556	250
109	965
518	496
313	93
1096	43
636	269
393	414
1192	86
643	444
398	356
908	238
1084	91
378	813
372	587
821	193
468	101
484	488
1211	39
411	254
1087	52
421	473
923	3
91	69
852	436
385	412
315	43
281	422
967	145
45	344
293	131
288	204
932	41
708	166
820	71
777	239
913	315
351	159
980	43
1169	66
479	277
726	327
503	543
1274	8
691	209
1011	149
669	334
1119	114
223	17
327	279
1228	9
141	466
740	257
1129	163
1141	13
734	216
606	303
728	389
26	324
1274	17
152	469
354	734
1047	211
1071	58
204	21
601	486
837	33
653	379
501	570
272	971
716	37
1177	77
750	324
852	220
368	813
865	363
565	310
218	927
459	232
378	667
540	583
1046	225
1007	107
1038	243
58	224
44	284
916	103
440	128
869	50
611	118
309	883
865	107
513	487
1137	89
879	239
494	174
237	327
538	698
559	343
778	246
1254	23
496	271
798	298
124	532
570	21
1201	51
619	281
1125	165
337	755
976	307
197	769
284	924
405	361
135	642
598	358
999	131
353	230
717	171
811	468
481	370
1145	85
784	367
461	387
254	577
533	679
912	173
1089	86
1155	107
356	926
499	648
1277	10
246	497
404	351
101	982
34	763
351	760
363	123
442	177
1146	6
1121	4
586	572
1024	183
463	605
365	136
273	938
719	366
398	473
1280	19
994	297
262	327
637	204
824	356
304	138
1291	7
481	689
1082	132
860	360
346	81
1169	99
152	66
564	117
1092	79
417	678
279	211
861	329
1102	31
827	304
951	195
943	8
631	562
896	315
486	705
106	945
945	58
678	78
1205	11
772	381
848	317
174	903
1164	71
713	406
53	7
269	224
1289	3
659	564
534	157
431	784
1295	3
421	743
420	338
445	712
754	123
1183	38
373	634
464	608
323	657
1152	79
389	373
252	623
345	432
465	435
1006	45
468	252
920	286
345	866
1249	41
205	617
407	503
1010	246
560	426
748	483
749	30
1205	75
1183	65
1144	123
93	436
1130	127
470	624
1235	63
761	430
1298	1
953	178
584	453
15	28
60	104
653	470
642	603
1290	7
1259	26
1088	124
549	666
687	599
29	11
699	335
1148	120
982	198
288	489
411	226
705	75
1132	53
73	688
396	637
912	177
667	160
311	906
427	353
150	278
1034	188
796	462
514	106
120	543
206	776
546	725
643	282
656	226
1156	4
1220	22
1111	66
1206	61
1037	30
80	139
169	800
347	355
1139	88
656	303
460	150
550	554
48	494
689	217
996	13
1128	140
897	347
777	182
1034	59
137	80
592	673
840	383
861	75
421	218
1075	68
1097	92
817	110
1125	16
1130	37
1242	30
421	312
456	746
465	775
1161	97
1202	22
258	615
343	610
1130	113
194	181
760	369
1162	115
1143	32
755	418
501	706
500	237
548	6
651	489
1065	102
783	364
579	345
483	365
831	116
601	677
1181	2
82	344
611	551
1077	97
950	82
672	524
342	300
273	623
1280	12
1187	12
224	959
1155	3
81	908
1135	16
1032	262
259	227
587	663
159	614
485	733
201	442
639	412
801	37
577	270
1223	42
549	82
380	440
490	556
488	43
978	50
1142	4
1175	2
421	454
525	181
113	45
282	683
712	141
914	295
110	98
92	255
26	269
161	112
1061	151
382	597
676	146
230	836
1098	48
1096	119
675	403
809	417
1239	20
1251	8
1268	12
807	26
811	9
823	18
1014	233
287	84
909	211
927	139
74	66
1071	181
845	63
909	356
763	509
205	237
350	76
1128	162
1036	223
1118	67
551	479
829	269
1161	131
589	686
485	65
716	351
287	209
446	423
72	235
536	112
660	229
822	156
39	640
980	186
10	460
1224	68
263	566
977	62
644	461
1192	32
1150	51
255	844
1143	83
953	89
845	28
657	344
318	324
1205	35
661	187
889	314
829	416
730	551
1134	148
722	256
1012	106
903	218
43	838
1103	170
198	9
212	44
57	678
1103	188
1152	107
950	269
144	856
23	425
584	142
783	401
740	26
143	430
775	117
584	261
660	349
713	383
155	123
668	81
473	432
912	102
689	475
1042	40
1113	90
1280	6
1157	25
713	353
730	31
481	23
1083	91
782	127
997	268
608	462
546	364
394	412
361	141
1228	1
971	173
348	648
515	465
325	43
1088	201
810	29
963	22
880	117
814	139
1229	33
1228	10
444	809
708	261
1212	29
1041	182
435	771
901	37
178	853
155	565
1287	7
972	231
629	419
69	154
186	201
464	769
1100	65
368	851
279	915
817	131
538	561
14	573
1092	143
430	422
672	318
397	662
865	314
701	348
830	240
240	422
1044	24
319	624
301	313
1219	77
1173	87
940	41
335	198
1226	15
504	66
767	33
1039	90
515	410
158	140
1144	130
205	93
925	312
234	887
459	616
31	22
1010	132
609	219
1287	12
515	714
648	105
79	407
948	194
1107	52
397	769
416	870
1073	189
334	807
1270	13
1098	154
1051	37
1122	130
1130	52
1117	73
502	237
432	585
338	444
678	105
907	219
635	651
830	149
74	766
574	65
115	893
1105	159
1288	1
173	528
956	219
150	870
187	591
394	823
59	693
944	337
332	461
140	641
964	244
963	4
51	55
610	69
181	415
151	788
653	470
656	292
431	173
837	219
1255	35
1065	74
1017	280
777	283
371	578
502	13
50	60
572	413
157	10
647	37
809	63
754	127
12	591
590	572
1255	3
1277	4
1098	124
560	45
595	123
736	529
526	161
365	654
387	673
1166	97
182	643
1123	44
202	497
943	170
1195	22
245	656
773	443
1271	21
300	784
1126	162
717	24
215	616
399	631
65	912
1099	101
335	162
903	136
1125	107
163	205
470	69
351	10
1189	52
1266	7
986	249
734	454
108	262
1250	4
1158	122
888	359
85	552
622	221
1236	10
434	841
74	23
661	275
538	623
1187	76
448	396
978	93
1167	102
18	710
935	47
725	449
1096	203
947	173
458	196
1210	12
891	292
1192	100
1171	25
459	609
1161	136
237	138
660	47
1272	1
1177	45
925	175
1039	207
1262	10
721	206
161	227
979	212
1085	105
707	282
1126	33
14	203
968	29
91	288
506	336
1141	131
1076	191
1172	91
722	383
1245	44
878	277
850	247
13	58
814	411
129	551
1126	126
1156	12
124	776
220	356
607	580
1181	25
699	66
589	676
793	232
195	788
1169	71
346	67
199	880
327	871
288	19
856	120
887	198
60	808
283	258
145	297
498	53
561	673
376	839
829	427
118	308
1132	143
693	206
1282	17
392	599
220	55
1249	10
986	280
1171	98
775	429
926	103
144	20
440	546
